 Entry id   TP   TN   FP   FN
           1           1           0           0           0
           2           1           0           0           1
           3           1           0           0           2
           4           1           1           0           2
           5           1           1           1           2
           6           2           1           1           2
           7           3           1           1           2
           8           3           1           2           2
           9           3           1           3           2
          10           4           1           3           2
          11           4           1           3           3
          12           5           1           3           3
          13           5           1           4           3
          14           5           2           4           3
          15           6           2           4           3
          16           7           2           4           3
          17           8           2           4           3
          18           8           2           5           3
          19           9           2           5           3
          20          10           2           5           3
          21          11           2           5           3
          22          12           2           5           3
          23          13           2           5           3
          24          14           2           5           3
          25          14           2           5           4
          26          14           3           5           4
          27          14           4           5           4
          28          15           4           5           4
          29          16           4           5           4
          30          16           5           5           4
          31          16           6           5           4
          32          16           6           5           5
          33          16           7           5           5
          34          16           7           5           6
          35          16           7           5           7
          36          17           7           5           7
          37          17           7           5           8
          38          17           8           5           8
          39          18           8           5           8
          40          18           9           5           8
          41          18          10           5           8
          42          18          11           5           8
          43          19          11           5           8
          44          20          11           5           8
          45          20          11           5           9
          46          21          11           5           9
          47          21          11           6           9
          48          22          11           6           9
          49          22          11           7           9
          50          22          12           7           9
          51          22          13           7           9
          52          22          13           7          10
          53          22          14           7          10
          54          22          14           7          11
          55          23          14           7          11
          56          24          14           7          11
          57          25          14           7          11
          58          26          14           7          11
          59          26          15           7          11
          60          26          16           7          11
          61          26          17           7          11
          62          26          17           7          12
          63          26          17           7          13
          64          26          18           7          13
          65          26          18           7          14
          66          26          18           8          14
          67          27          18           8          14
          68          27          19           8          14
          69          27          19           8          15
          70          27          20           8          15
          71          27          21           8          15
          72          27          21           9          15
          73          27          21           9          16
          74          27          21           9          17
          75          27          22           9          17
          76          27          23           9          17
          77          28          23           9          17
          78          29          23           9          17
          79          29          23           9          18
          80          30          23           9          18
          81          30          23           9          19
          82          30          23           9          20
          83          30          23           9          21
          84          30          24           9          21
          85          30          24          10          21
          86          31          24          10          21
          87          32          24          10          21
          88          33          24          10          21
          89          34          24          10          21
          90          35          24          10          21
          91          36          24          10          21
          92          36          24          11          21
          93          36          24          11          22
          94          36          25          11          22
          95          37          25          11          22
          96          38          25          11          22
          97          39          25          11          22
          98          40          25          11          22
          99          41          25          11          22
         100          42          25          11          22
         101          43          25          11          22
         102          44          25          11          22
         103          45          25          11          22
         104          46          25          11          22
         105          47          25          11          22
         106          48          25          11          22
         107          49          25          11          22
         108          50          25          11          22
         109          51          25          11          22
         110          52          25          11          22
         111          53          25          11          22
         112          54          25          11          22
         113          55          25          11          22
         114          56          25          11          22
         115          57          25          11          22
         116          58          25          11          22
         117          59          25          11          22
         118          60          25          11          22
         119          60          26          11          22
         120          61          26          11          22
         121          61          26          11          23
         122          61          27          11          23
         123          61          28          11          23
         124          61          29          11          23
         125          61          30          11          23
         126          61          30          11          24
         127          61          31          11          24
         128          61          31          11          25
         129          61          32          11          25
         130          61          33          11          25
         131          61          33          12          25
         132          62          33          12          25
         133          63          33          12          25
         134          64          33          12          25
         135          65          33          12          25
         136          66          33          12          25
         137          67          33          12          25
         138          67          33          13          25
         139          68          33          13          25
         140          69          33          13          25
         141          70          33          13          25
         142          71          33          13          25
         143          72          33          13          25
         144          73          33          13          25
         145          74          33          13          25
         146          75          33          13          25
         147          75          33          14          25
         148          76          33          14          25
         149          76          33          15          25
         150          76          33          16          25
         151          77          33          16          25
         152          78          33          16          25
         153          79          33          16          25
         154          80          33          16          25
         155          81          33          16          25
         156          81          34          16          25
         157          81          35          16          25
         158          81          36          16          25
         159          81          37          16          25
         160          81          37          17          25
         161          81          37          18          25
         162          81          37          18          26
         163          81          38          18          26
         164          81          39          18          26
         165          81          40          18          26
         166          81          41          18          26
         167          82          41          18          26
         168          83          41          18          26
         169          83          42          18          26
         170          83          42          18          27
         171          83          42          18          28
         172          84          42          18          28
         173          84          43          18          28
         174          84          44          18          28
         175          85          44          18          28
         176          85          45          18          28
         177          85          45          18          29
         178          85          46          18          29
         179          85          47          18          29
         180          86          47          18          29
         181          86          47          18          30
         182          86          48          18          30
         183          87          48          18          30
         184          87          48          18          31
         185          87          49          18          31
         186          87          50          18          31
         187          87          51          18          31
         188          87          52          18          31
         189          88          52          18          31
         190          88          53          18          31
         191          88          54          18          31
         192          88          55          18          31
         193          89          55          18          31
         194          89          56          18          31
         195          89          57          18          31
         196          89          58          18          31
         197          89          59          18          31
         198          89          59          19          31
         199          89          60          19          31
         200          89          60          19          32
         201          89          61          19          32
         202          89          62          19          32
         203          89          63          19          32
         204          90          63          19          32
         205          90          64          19          32
         206          91          64          19          32
         207          92          64          19          32
         208          92          65          19          32
         209          92          65          19          33
         210          92          65          19          34
         211          93          65          19          34
         212          93          66          19          34
         213          93          66          20          34
         214          93          66          21          34
         215          94          66          21          34
         216          94          66          22          34
         217          95          66          22          34
         218          95          66          22          35
         219          96          66          22          35
         220          97          66          22          35
         221          97          66          23          35
         222          98          66          23          35
         223          98          66          24          35
         224          98          66          25          35
         225          98          67          25          35
         226          99          67          25          35
         227         100          67          25          35
         228         101          67          25          35
         229         102          67          25          35
         230         102          67          26          35
         231         102          67          27          35
         232         102          67          28          35
         233         102          68          28          35
         234         103          68          28          35
         235         104          68          28          35
         236         104          68          29          35
         237         105          68          29          35
         238         106          68          29          35
         239         106          68          30          35
         240         107          68          30          35
         241         108          68          30          35
         242         109          68          30          35
         243         110          68          30          35
         244         111          68          30          35
         245         112          68          30          35
         246         113          68          30          35
         247         114          68          30          35
         248         114          69          30          35
         249         115          69          30          35
         250         115          69          30          36
         251         116          69          30          36
         252         117          69          30          36
         253         118          69          30          36
         254         119          69          30          36
         255         120          69          30          36
         256         121          69          30          36
         257         122          69          30          36
         258         123          69          30          36
         259         123          70          30          36
         260         123          70          30          37
         261         123          70          30          38
         262         124          70          30          38
         263         124          70          31          38
         264         124          70          32          38
         265         124          71          32          38
         266         125          71          32          38
         267         125          72          32          38
         268         125          73          32          38
         269         125          74          32          38
         270         125          74          32          39
         271         125          75          32          39
         272         126          75          32          39
         273         126          75          33          39
         274         127          75          33          39
         275         128          75          33          39
         276         128          76          33          39
         277         128          77          33          39
         278         128          78          33          39
         279         129          78          33          39
         280         129          78          33          40
         281         129          79          33          40
         282         129          80          33          40
         283         129          81          33          40
         284         129          82          33          40
         285         130          82          33          40
         286         131          82          33          40
         287         132          82          33          40
         288         132          83          33          40
         289         133          83          33          40
         290         133          83          34          40
         291         134          83          34          40
         292         135          83          34          40
         293         135          83          34          41
         294         136          83          34          41
         295         136          83          35          41
         296         136          83          36          41
         297         137          83          36          41
         298         137          83          36          42
         299         137          83          37          42
         300         137          83          38          42
         301         138          83          38          42
         302         138          83          39          42
         303         139          83          39          42
         304         139          84          39          42
         305         139          85          39          42
         306         139          85          40          42
         307         139          85          40          43
         308         139          85          41          43
         309         140          85          41          43
         310         141          85          41          43
         311         141          85          41          44
         312         141          85          42          44
         313         141          85          43          44
         314         141          86          43          44
         315         141          86          44          44
         316         142          86          44          44
         317         142          86          45          44
         318         142          87          45          44
         319         142          88          45          44
         320         142          89          45          44
         321         142          90          45          44
         322         142          91          45          44
         323         142          91          46          44
         324         142          92          46          44
         325         142          92          46          45
         326         142          93          46          45
         327         142          93          46          46
         328         142          93          46          47
         329         142          93          46          48
         330         142          94          46          48
         331         142          95          46          48
         332         142          96          46          48
         333         142          96          46          49
         334         142          96          46          50
         335         142          97          46          50
         336         142          98          46          50
         337         142          98          46          51
         338         142          98          46          52
         339         142          99          46          52
         340         142         100          46          52
         341         142         100          46          53
         342         142         100          47          53
         343         142         101          47          53
         344         142         102          47          53
         345         142         102          47          54
         346         142         103          47          54
         347         142         104          47          54
         348         142         105          47          54
         349         142         105          47          55
         350         142         105          47          56
         351         142         106          47          56
         352         142         106          47          57
         353         143         106          47          57
         354         144         106          47          57
         355         145         106          47          57
         356         146         106          47          57
         357         147         106          47          57
         358         148         106          47          57
         359         149         106          47          57
         360         150         106          47          57
         361         151         106          47          57
         362         152         106          47          57
         363         153         106          47          57
         364         154         106          47          57
         365         155         106          47          57
         366         156         106          47          57
         367         157         106          47          57
         368         158         106          47          57
         369         159         106          47          57
         370         160         106          47          57
         371         161         106          47          57
         372         162         106          47          57
         373         163         106          47          57
         374         163         106          48          57
         375         164         106          48          57
         376         164         107          48          57
         377         164         108          48          57
         378         165         108          48          57
         379         166         108          48          57
         380         167         108          48          57
         381         168         108          48          57
         382         169         108          48          57
         383         170         108          48          57
         384         171         108          48          57
         385         172         108          48          57
         386         172         108          48          58
         387         173         108          48          58
         388         174         108          48          58
         389         175         108          48          58
         390         176         108          48          58
         391         177         108          48          58
         392         178         108          48          58
         393         179         108          48          58
         394         180         108          48          58
         395         180         108          49          58
         396         180         108          50          58
         397         180         108          51          58
         398         180         108          52          58
         399         181         108          52          58
         400         181         108          53          58
         401         182         108          53          58
         402         183         108          53          58
         403         183         109          53          58
         404         183         109          54          58
         405         183         110          54          58
         406         183         111          54          58
         407         183         112          54          58
         408         183         113          54          58
         409         183         114          54          58
         410         183         115          54          58
         411         183         115          54          59
         412         183         115          54          60
         413         184         115          54          60
         414         185         115          54          60
         415         185         116          54          60
         416         185         117          54          60
         417         185         118          54          60
         418         185         118          55          60
         419         185         118          55          61
         420         185         118          55          62
         421         185         119          55          62
         422         185         119          55          63
         423         185         120          55          63
         424         185         121          55          63
         425         185         122          55          63
         426         185         123          55          63
         427         185         124          55          63
         428         185         125          55          63
         429         185         126          55          63
         430         186         126          55          63
         431         187         126          55          63
         432         188         126          55          63
         433         189         126          55          63
         434         189         126          55          64
         435         189         127          55          64
         436         189         128          55          64
         437         189         128          56          64
         438         189         129          56          64
         439         189         129          56          65
         440         189         130          56          65
         441         189         131          56          65
         442         189         132          56          65
         443         190         132          56          65
         444         191         132          56          65
         445         192         132          56          65
         446         192         133          56          65
         447         193         133          56          65
         448         193         133          56          66
         449         194         133          56          66
         450         195         133          56          66
         451         195         134          56          66
         452         195         135          56          66
         453         196         135          56          66
         454         196         136          56          66
         455         196         136          56          67
         456         196         136          57          67
         457         196         137          57          67
         458         196         138          57          67
         459         197         138          57          67
         460         197         139          57          67
         461         197         140          57          67
         462         197         141          57          67
         463         197         142          57          67
         464         197         143          57          67
         465         197         144          57          67
         466         197         144          58          67
         467         197         145          58          67
         468         197         145          58          68
         469         197         146          58          68
         470         197         146          58          69
         471         198         146          58          69
         472         199         146          58          69
         473         199         147          58          69
         474         199         148          58          69
         475         199         148          58          70
         476         199         149          58          70
         477         199         150          58          70
         478         199         151          58          70
         479         199         152          58          70
         480         200         152          58          70
         481         200         153          58          70
         482         200         154          58          70
         483         200         155          58          70
         484         200         156          58          70
         485         201         156          58          70
         486         201         157          58          70
         487         201         157          59          70
         488         201         157          59          71
         489         201         158          59          71
         490         201         159          59          71
         491         202         159          59          71
         492         203         159          59          71
         493         203         160          59          71
         494         203         160          59          72
         495         204         160          59          72
         496         204         161          59          72
         497         204         161          59          73
         498         204         161          60          73
         499         205         161          60          73
         500         205         161          61          73
         501         205         161          62          73
         502         205         162          62          73
         503         205         163          62          73
         504         205         164          62          73
         505         205         164          63          73
         506         205         164          64          73
         507         206         164          64          73
         508         206         164          65          73
         509         207         164          65          73
         510         208         164          65          73
         511         208         164          66          73
         512         209         164          66          73
         513         210         164          66          73
         514         210         164          67          73
         515         211         164          67          73
         516         212         164          67          73
         517         212         165          67          73
         518         212         166          67          73
         519         212         167          67          73
         520         212         168          67          73
         521         212         169          67          73
         522         212         170          67          73
         523         212         171          67          73
         524         212         171          68          73
         525         212         172          68          73
         526         212         173          68          73
         527         212         174          68          73
         528         212         175          68          73
         529         212         176          68          73
         530         212         177          68          73
         531         212         178          68          73
         532         212         179          68          73
         533         212         179          68          74
         534         212         180          68          74
         535         212         180          69          74
         536         212         181          69          74
         537         212         182          69          74
         538         212         183          69          74
         539         212         183          69          75
         540         212         183          69          76
         541         212         183          70          76
         542         212         183          71          76
         543         213         183          71          76
         544         214         183          71          76
         545         215         183          71          76
         546         215         184          71          76
         547         215         185          71          76
         548         216         185          71          76
         549         217         185          71          76
         550         217         186          71          76
         551         218         186          71          76
         552         219         186          71          76
         553         220         186          71          76
         554         221         186          71          76
         555         222         186          71          76
         556         223         186          71          76
         557         223         186          71          77
         558         223         187          71          77
         559         223         187          71          78
         560         223         188          71          78
         561         223         188          71          79
         562         223         189          71          79
         563         223         190          71          79
         564         223         190          72          79
         565         223         191          72          79
         566         223         191          72          80
         567         223         192          72          80
         568         223         193          72          80
         569         223         194          72          80
         570         224         194          72          80
         571         225         194          72          80
         572         226         194          72          80
 Sensitivity:   0.73856210708618164     
 Specificity:   0.72932332754135132     
 Precision:   0.75838923454284668     
 Accuracy:   0.73426574468612671     
